# ζ(3) — Apery's constant
#
# Constant:  apery
# OEIS:      A002117
# Notes:     Sum of reciprocals of cubes. Infinite, likely non-repeating.
#
# Digits:    10000
# Format:    decimal, 10 digits per group, 6 groups per line
# SHA256:    5bd9893226417b218502bb35ee0a9f80826e8cc3de48831762ef65e747441062
# Generated: 2026-04-04
# Tool:      tools/constants.py (Proper Tools SRL)
#
# This file contains only decimal digits of ζ(3).
# No decimal point. Digits begin with the leading integer digit.
# Suitable for use as an IV source per draft-darley-shard-bundle-01.
#

1202056903 1595942853 9973816151 1449990764 9862923404 9888179227
1555341838 2057863130 9018645587 3609335258 1461991577 9526071941
8491995998 6732832137 7639683720 7900161453 9417829493 6006671919
1575522242 4942439615 6390966410 3291159095 7809655146 5127991840
5105715255 9880154371 0978110203 9827532566 7876035223 3698494166
1811057014 7157786394 9973752378 5277937030 9560257018 5318279000
3076547107 5630488433 2086971157 3742380793 4450316076 2531771453
5444411831 1781822497 1852635709 1824489987 9620350833 5756172022
6033937858 7032813126 7807990054 1773486911 5253706562 3705744096
6221712902 6273207323 6149224291 3040528555 3723410330 7757779806
4242024304 8828152100 0914602653 8220696271 5520208227 4335001015
2948011986 9011762595 1676366998 1718355752 3488070371 9555742347
2940835952 0886166620 2572853755 8130792825 8648728217 3705566196
8989526620 1877681062 9200817792 3381358768 2842641243 2431480282
1736745067 2069350762 6895304345 9393750329 6636377575 0624733239
9234828831 0773390527 6802007579 8435679371 1505090050 2736604711
4008533503 4364672248 5653151811 7766181092 2279191022 4883968002
6660656870 5190627597 3877353574 4447877537 9164142738 1322569573
1960201874 8847471046 9933656614 0080693032 5618537188 6007271853
5948288478 8624504185 5546408571 5563007125 0902713863 4689374168
2665466577 2926111718 2460363056 6046530047 5221703265 1363910586
9885788424 5041340007 6174727913 7184277410 8750867905 0188965396
3569586430 8196137299 0232749349 7024162264 5433923929 2672783678
6557155581 7773966377 1912814182 2466412686 6345281105 5140131673
2536684182 7929537266 0503415185 2704880289 0268315833 4795920387
5598498861 7867005963 7310157271 7200011433 4767351541 8825525246
6326297202 5386614259 3759334901 1249544518 8844587988 3653237605
0068621642 5928461880 1137166666 3503565601 0025131275 2001243465
3817885225 1664505673 9550573863 1526376595 4302814622 4230177475
0116768445 7149670488 0344021307 3024127873 1540290425 1150919940
8783486201 4280140407 1621446547 8874817758 2604206667 3402505321
0770258301 8381329938 6697331994 5840623290 3960570319 0927264068
3880856084 0747389568 3350520941 5149173304 8363304771 4345825539
2122182045 1656004277 8722843125 9315749627 0267304159 1878828448
0861387776 8225616229 6374131375 7042455994 8913295258 5840214793
5837823197 7711727847 8172048243 6666571223 3037329594 1005726119
8013823025 8805920629 6133177937 6451095712 0026578048 8060930553
4363285097 3613180076 0935264143 3022178279 7856481792 7886033123
3735692889 6592742526 0478867884 1566426219 9137166941 1094682481
1323138301 8176762836 3854350905 5586012259 3212536293 0957841045
2900945889 3596918985 3011977307 2504245947 1429010571 1826511856
8448317126 2930537094 2503594701 7896170467 7361236854 7369355028
4745861983 5295713597 3216307465 8300874034 7017107460 0061004390
1285836376 3160751662 7176955717 0650987918 7894838668 7809592172
0348313191 4040549191 3763062852 3999636117 0125553271 7707791536
5614581485 7053682260 4331851959 0171453534 6972264639 3073214120
3751607987 1346483108 1398813117 8890345913 8832073160 9606100267
4146544114 1544678199 0464628711 8265717754 9836773678 5510495860
3786155827 5339882493 7352456924 3387591804 3566496264 7423866290
2445130524 6025863179 4801680193 2634758421 7645714646 9063641286
3961281631 5698647574 0031696705 1470071242 5041721468 9100161623
3898010620 1679112210 0157370465 4256075995 7025969830 6100679257
0753839766 5577058220 1017481807 1477940146 6752322431 6145726841
9706781733 8675361752 9842172019 3131447723 5681966403 9381649002
0152829309 1972769899 0399118915 1835572240 5787334437 8574990224
0313930077 9492496042 6218057456 0227812460 2157450225 4057233962
6629445930 2450152198 3393050055 3613530713 7154779307 3288340457
0644996135 8507221438 6309307273 9644146374 6364890568 9966577099
6455268534 8551534347 9707522391 0140433765 3818064860 9479738699
5891433686 0549003740 3964936972 8626799988 8932262754 4896426258
9340161332 7534523446 8186246408 7369507194 0103268916 9396232166
0519548036 6172270059 4324808082 2802900288 2550680281 2315151438
3148062015 0431882417 1826720639 6226527657 6168533242 0619753702
9653495792 4757105522 6842304743 8798345323 1920441976 8217817240
7679172914 6256786601 3245994048 2256705871 9364794201 3102918643
6307800913 1237289712 5526321982 5069783833 3677954387 1901383953
1551465141 7845195385 7237931651 1268257550 8412481658 3947418890
5516698738 7906101718 7830165204 1694182412 8550417182 2255040542
9910481926 3280414863 3348026996 2775987737 3029311023 8873238498
3785469714 5693411928 3124947737 2967954124 3164191461 3933158086
9268357523 3391614259 7766535204 2595720060 3286673514 6732673797
7678984355 6850849245 2463697907 4533959158 7071180107 1591608994
2397431294 8074966756 4547495152 3441277438 0539164936 6749958138
3405775376 0835692187 1653001254 0500234641 1649918381 7616954001
4163618278 7573722582 2355975494 3966230951 1092124869 3707332072
8162415952 0660984814 4445792889 0045571093 1505233956 3501886721
2797327909 5609030941 7882772693 3899912736 3897916881 1001362677
1608639461 1000591972 7640434163 3767381782 7384985149 9998138231
9956187911 1770543480 4525331563 2965926052 4837121410 7451341319
2248723226 4611962350 0288148824 6968575393 2945080233 0309112514
1028170269 9619622565 4116352426 5132103416 9720343085 1784876215
2878119117 7912966824 2901843318 1124853743 6470741975 2127816811
4576478129 5522335246 8601515141 9515013705 1891288462 3335161094
2448826863 0970948578 6015763454 4346693987 6341751075 8091840782
4783758376 3877342774 7775435150 8663116678 2213996775 8024129887
8733069903 6852227358 1443405329 1376782738 6068408563 4080496770
9186923062 5018030526 3727154876 3041661486 3468147560 1897997239
7299671081 5761866163 3272874974 5336024927 5650150154 0934352262
9692875449 2997981840 4357249120 9842958009 1292459468 9426773264
5617807886 7183956615 7292150508 8303889110 4104856296 1352358474
7202996056 3310231570 8345307904 7687345058 0685285643 2362397339
0405910644 9673746383 0699755003 1529640648 4568791879 4777997681
4880556152 8918092959 2380364060 1984523624 6427536896 3288668238
8803563535 6964461265 7470970178 0751095612 3992589550 1828974975
6863528395 2863729667 1166553658 4745579856 7334999925 2698594621
0510103347 1957012151 0143534225 1748165738 4737190649 6863215359
3544184967 1396416421 4580654775 3796837808 8865543025 9810290781
3574575189 4303004748 7276886724 6927039425 0281787859 6136239148
1520586416 5947780150 3927129553 2678239507 4471110122 5479826872
9587559337 9900492674 2407097407 3984821669 5084191404 1302231768
9836027710 8478140562 2244236607 7596372796 4569611687 2813880006
4544416208 6285309338 3178779448 3572079240 4366961380 1701612463
0679169653 4826753823 8510833454 3952051421 8409463343 5777619658
0146520741 6260489270 0605797187 3068078125 3469022833 3187140130
2419517904 6076611489 4366585238 1025450646 3868243668 1127507213
4210681503 0595828568 9376477214 0867519186 7200233128 5540977806
4359170947 2412914542 1364852779 7356828811 7076845816 8306515490
9519905823 3623987615 6927744352 5424219379 2159036852 6082656801
3402197308 2363740127 3644039684 9617980312 6623879929 6681143365
1833370212 6718458718 1482955082 1887462437 1071072622 9238065754
3020110989 0871643838 1239725732 6739096762 7442695462 2770498806
0877728440 1554052021 8832913731 1448200872 5915059699 8711528359
4747882844 3973952226 4482338935 1067699728 4078328038 4371236955
9709369296 3924577094 1579848102 7006769454 2518337504 7066736187
3718293709 5913073104 4590831096 0406972447 2340835961 0167038654
9659704049 9435802867 3040158963 5278997792 8640323959 5547042183
2834818853 9956127974 1970792192 2885006635 2456903153 1192837968
8311197706 7898420262 7692845446 2307267749 7533237060 4038330542
2681457241 7360189654 9375879205 6697713735 2945837845 8247641694
4647679898 7468055028 8399250937 4265487921 2233297179 9196850360
0734121619 6927488043 9128430580 8506967367 4416564318 7000033304
7597601840 6523672087 5115191814 3484560928 5642865406 7718145441
3967033907 2301592615 8687631056 3542783272 6468991300 3834984241
5539414021 0983287067 8029529686 3501047874 0915993572 8977223639
9737183203 4715265780 4550961301 1114631011 7985236275 6284967954
6269080460 9479518855 7931591250 4827382077 5287222755 1414295720
0868360642 3124282848 0812890674 7199818368 1419329738 7633596037
2595977140 6347299966 4924750792 9471456014 7019540733 4347404909
5992274652 9089625246 2320540775 4843372540 4063935301 2191445335
4637798747 1151724241 4348824822 2659952511 4791191346 9279726127
8937205640 6394508913 0052185070 2871332113 0369711073 9038584961
5042512365 7725229486 8998375818 2642722738 8347325673 5341610869
4980904194 8517078119 9814438255 9180714759 4722446301 1080505716
2913730409 9197584598 0144994797 3153463034 7305105825 6052452683
7002668965 8676629785 5196457596 7095575854 5982819507 2096011753
6648318843 9291330111 6075971769 7761948075 2403906601 1719882259
6730208454 3302230175 9339280249 8743631020 5816657853 4534908829
8229420080 5486183049 0483891046 4047669569 5631056685 0207218155
7662497201 9252048562 0019525390 9546712731 7606889001 3500737687
6467388790 0831235837 8290777867 3845521385 9356845824 3843306642
0845460222 9070278989 3673339973 3422605790 1019111269 6631674386
0974352204 1865674052 8579805586 6820260138 7189558675 0254815369
0681499361 6909123950 8136417699 9976662010 0404611599 9615913053
6942343002 7292362929 6011571486 9479049947 4359083770 2331710449
1560835902 3935944487 1145737331 6408857898 5089806185 9292450886
7211800769 1371577762 4707470768 2639069930 8125837273 3113093121
2984002916 1543692028 4888667365 5408863562 8553678368 4881613444
7714771114 1772779538 8591178268 7387160355 2027987354 8782096709
5592633957 2311882270 2421216010 4353107770 2614067248 8534473170
7376052736 1731472728 1925112772 3891605058 4917728981 8985269618
3459424701 4960216724 1477855895 5546192779 5867842297 5801505061
0219055660 4704266636 3829600235 9958832109 5188752830 8421159460
3294880125 3578737828 3852159627 7451036153 8755566110 0403694906
7202462936 2477042682 0355640566 9319377559 8640669629 9661174092
8668553080 6587647091 5209458269 9987171865 6920302688 5346577891
4320794701 0564001951 3715351460 3259748662 8462412178 5010037937
1359975724 5355441739 7182847995 8454843958 9474514197 2093051198
0875878351 6262383015 1870584430 4493658675 3748027024 6608232150
5020445663 4649144904 0000244299 4684237776 2428304723 8791542506
3905915763 5935215670 4007255614 0362386053 5453153963 2663193756
2026164599 9765047904 6526085557 9137312243 6419508539 7932767647
8873564975 9790770819 4249841153 2565580966 3489931243 5980350086
1155481009 7335587984 1196777797 8756060931 1872657139 2065529397
9461256958 1017270531 2150946739 2108734263 5228542048 1452595024
3122273190 2698102799 9664753450 3481622001 3229202482 2213872015
3760878397 7208859220 9512625945 6127909113 6798842338 1549390212
9267719635 2930251480 2356272922 3189504235
