# e — Euler's number
#
# Constant:  e
# OEIS:      A001113
# Notes:     Base of the natural logarithm. Infinite, non-repeating.
#
# Digits:    10000
# Format:    decimal, 10 digits per group, 6 groups per line
# SHA256:    6ead2a1c7d86d37b60e25a06825eaf01502cc340434e2828be4833ad6af2d4c8
# Generated: 2026-04-05
# Tool:      tools/constants.py (Proper Tools SRL)
#
# This file contains only decimal digits of e.
# No decimal point. Digits begin with the leading integer digit.
# Suitable for use as an IV source per draft-darley-shard-bundle-01.
#

2718281828 4590452353 6028747135 2662497757 2470936999 5957496696
7627724076 6303535475 9457138217 8525166427 4274663919 3200305992
1817413596 6290435729 0033429526 0595630738 1323286279 4349076323
3829880753 1952510190 1157383418 7930702154 0891499348 8416750924
4761460668 0822648001 6847741185 3742345442 4371075390 7774499206
9551702761 8386062613 3138458300 0752044933 8265602976 0673711320
0709328709 1274437470 4723069697 7209310141 6928368190 2551510865
7463772111 2523897844 2505695369 6770785449 9699679468 6445490598
7931636889 2300987931 2773617821 5424999229 5763514822 0826989519
3668033182 5288693984 9646510582 0939239829 4887933203 6250944311
7301238197 0684161403 9701983767 9320683282 3764648042 9531180232
8782509819 4558153017 5671736133 2069811250 9961818815 9304169035
1598888519 3458072738 6673858942 2879228499 8920868058 2574927961
0484198444 3634632449 6848756023 3624827041 9786232090 0216099023
5304369941 8491463140 9343173814 3640546253 1520961836 9088870701
6768396424 3781405927 1456354906 1303107208 5103837505 1011574770
4171898610 6873969655 2126715468 8957035035 4021234078 4981933432
1068170121 0056278802 3519303322 4745015853 9047304199 5777709350
3660416997 3297250886 8769664035 5570716226 8447162560 7988265178
7134195124 6652010305 9212366771 9432527867 5398558944 8969709640
9754591856 9563802363 7016211204 7742722836 4896134225 1644507818
2442352948 6363721417 4023889344 1247963574 3702637552 9444833799
8016125492 2785092577 8256209262 2648326277 9333865664 8162772516
4019105900 4916449982 8931505660 4725802778 6318641551 9565324425
8698294695 9308019152 9872117255 6347546396 4479101459 0409058629
8496791287 4068705048 9585867174 7985466775 7573205681 2884592054
1334053922 0001137863 0094556068 8166740016 9842055804 0336379537
6452030402 4322566135 2783695117 7883863874 4396625322 4985065499
5886234281 8997077332 7617178392 8034946501 4345588970 7194258639
8772754710 9629537415 2111513683 5062752602 3264847287 0392076431
0059584116 6120545297 0302364725 4929666938 1151373227 5364509888
9031360205 7248176585 1180630364 4281231496 5507047510 2544650117
2721155519 4866850800 3685322818 3152196003 7356252794 4951582841
8829478761 0852639813 9559900673 7648292244 3752871846 2457803619
2981971399 1475644882 6260390338 1441823262 5150974827 9877799643
7308997038 8867782271 3836057729 7882412561 1907176639 4650706330
4527954661 8550966661 8566470971 1344474016 0704626215 6807174818
7784437143 6988218559 6709591025 9686200235 3718588748 5696522000
5031173439 2073211390 8032936344 7972735595 5277349071 7837934216
3701205005 4513263835 4400018632 3991490705 4797780566 9785335804
8966906295 1194324730 9958765523 6812859041 3832411607 2260299833
0535370876 1389396391 7795745401 6137223618 7893652605 3815584158
7186925538 6061647798 3402543512 8439612946 0352913325 9427949043
3729908573 1580290958 6313826832 9147711639 6337092400 3168945863
6060645845 9251269946 5572483918 6564209752 6850823075 4425459937
6917041977 7800853627 3094171016 3434907696 4237222943 5236612557
2508814779 2231519747 7806056967 2538017180 7763603462 4592787784
6585065605 0780844211 5296975218 9087401966 0906651803 5165017925
0461950136 6585436632 7125496399 0854914420 0014574760 8193022120
6602433009 6412704894 3903971771 9518069908 6998606636 5832322787
0937650226 0149291011 5171776359 4460202324 9300280401 8677239102
8809786660 5651183260 0436885088 1715723866 9842242201 0249505518
8169480322 1002515426 4946398128 7367765892 7688163598 3124778865
2014117411 0913601164 9950766290 7794364600 5851941998 5601626479
0761532103 8727557126 9925182756 8798930276 1761146162 5493564959
0379804583 8182323368 6120162437 3656984670 3785853305 2758333379
3990752166 0692380533 6988795651 3728559388 3499894707 4161815501
2539706464 8171946708 3481972144 8889879067 6503795903 6696724949
9254527903 3729636162 6589760394 9857674139 7359441023 7443297093
5547798262 9614591442 9364514286 1715858733 9746791897 5712119561
8738578364 4758448423 5555810500 2561149239 1518893099 4634284139
3608038309 1662818811 5037152849 6705974162 5628236092 1680751501
7772538740 2564253470 8790891372 9172282861 1515915683 7252416307
7225440633 7875931059 8267609442 0326192428 5317018781 7729602354
1306067213 6046000389 6610936470 9514141718 5777014180 6064436368
1546444005 3316087783 1431744408 1194942297 5599314011 8886833148
3280270655 3833004693 2901157441 4756313999 7221703804 6170928945
7909627166 2260740718 7499753592 1275608441 4737823303 2703301682
3719364800 2173285734 9359475643 3412994302 4850235732 2145978432
8264142168 4878721673 3670106150 9424345698 4401873312 8101079451
2722373788 6126058165 6680537143 9612788873 2527373890 3928905068
6532413806 2796025930 3877276977 8379286840 9325365880 7339884572
1874602100 5311483351 3238500478 2716937621 8004904795 5979592905
9165547050 5777514308 1751126989 8518840871 8564026035 3055837378
3242292418 5625644255 0226721559 8027401261 7971928047 1396006891
6382866527 7009752767 0697770364 3926022437 2841840883 2518487704
7263844037 9530166905 4659374616 1932384036 3893131364 3271376888
4102681121 9891275223 0562567562 5470172508 6349765367 2886059667
5274086862 7407912856 5769963137 8975303466 0616669804 2182677245
6053066077 3899624218 3408598820 7186468262 3215080288 2863597468
3965435885 6685503773 1312965879 7581050121 4916207656 7699506597
1534476347 0320853215 6036748286 0837865680 3073062657 6334697742
9563464371 6709397193 0608769634 9532884683 3613038829 4310408002
9687386911 7066666146 8000151211 4344225602 3874474325 2507693870
7777519329 9942137277 2112588436 0871583483 5626961661 9805725266
1220679754 0621062080 6498829184 5439530152 9982092503 0054982570
4339055357 0168653120 5264956148 5724925738 6206917403 6952135337
3253166634 5466588597 2866594511 3644137033 1393672118 5695539521
0845840724 4323835586 0631068069 6492485123 2632699514 6035960372
9725319836 8423363904 6321367101 1619282171 1150282801 6044880588
0238203198 1493096369 5967358327 4202498824 5684941273 8605664913
5252670604 6234450549 2275811517 0931492187 9592718001 9409688669
8683703730 2200475314 3381810927 0803001720 5935530520 7007060722
3399946399 0571311587 0996357773 5902719628 5061146514 8375262095
6534671329 0025994397 6631145459 0268589897 9115837093 4193704411
5512192011 7164880566 9459381311 8384376562 0627846310 4903462939
5002945834 1164824114 9697583260 1180073169 9437393506 9662957124
1027323913 8741754923 0718624545 4322203955 2735295240 2459038057
4450289224 6886285336 5422138157 2213116328 8112052146 4898051800
9202471939 1710555390 1139433166 8151582884 3687606961 1025051710
0739276238 5553386272 5535388309 6067164466 2370922646 8096712540
6186950214 3176211668 1400975952 8149390722 2601112681 1531083873
1761732323 5263605838 1731510345 9573653822 3534992935 8228368510
0781088463 4349983518 4044517042 7018938199 4243410090 5753762577
6757111809 0088164183 3192019626 2341628816 6521374717 3254777277
8348877436 6518828752 1566857195 0637193656 5390389449 3664217640
0312152787 0222366463 6357555035 6557694888 6549500270 8539236171
0550213114 7413744106 1344455441 9210133617 2996285694 8991933691
8472947858 0729156088 5103967819 5942983318 6480756083 6795514966
3644896559 2948187851 7840387733 2624705194 5050419847 7420141839
4773120281 5886845707 2905440575 1060128525 8056594703 0468363445
9265255213 7008068752 0095934536 0731622611 8728173928 0746230946
8536782310 6097921599 3600199462 3799343421 0687813497 3469592464
6975250624 6958616909 1785739765 9519939299 3995567542 7146549104
5686070209 9012606818 7049841780 7917392407 1945996323 0602547079
0177452751 3186809982 2847308607 6653686685 5516467702 9113368275
6310722334 6726113705 4907953658 3453863719 6235856312 6183871567
7411873852 7722922594 7433737856 9553845624 6801013905 7278710165
1296663676 4451872465 6537304024 4368414081 4488732957 8473484900
0301947788 8020460324 6608428753 5184836495 9195082888 3232065221
2810419044 8047247949 2913422849 5197002260 1310430062 4107179715
0279343326 3407995960 5314460532 3048852897 2917659876 0166678119
3793237245 3857209607 5822771784 8336161358 2612896226 1181294559
2746276713 7794487586 7536575448 6140761193 1125958512 6557597345
7301533364 2630767985 4433857617 1533346232 5270572005 3039882894
9903425956 6232975782 4887350292 5916682589 4456894655 9926584547
6269452878 0516501720 6747854178 8798227680 6536650641 9109734345
2887833862 1726156269 5826544782 0567298775 6426325321 5942944180
3994321700 0090542650 7630955884 6589517170 9147607437 1368933194
6909098190 4501290307 0995662266 2030318264 9365733698 4195557769
6378762491 8852865686 6076005660 2560544571 1337286840 2055744160
3083705231 2242587223 4388541231 7948138855 0075689381 1249353863
1863528708 3799845692 6199817945 2336408742 9591180747 4534195514
2035172618 4200845509 1708456823 6820089773 9455842679 2142734775
6087964427 9202708312 1501564063 4134161716 6448069815 4837644915
7390012121 7041547872 5919989438 2536495051 4771379399 1472052195
2907939613 7621107238 4942906163 5760459623 1253506068 5376514231
1534966568 3715116604 2207963944 6662116325 5157729070 9784731562
7827759878 8136491951 2574833287 9377157145 9091064841 6426783099
4972367442 0175862269 4021594079 2448054125 5360431317 9926967391
5754241929 6607312393 7635421392 3061787675 3958711436 1040894099
6608947141 8340698362 9936753626 2154524729 8464213752 8910798843
8130609555 2622720837 5186298370 6678722443 0195793793 7860721072
5427728907 1732854874 3743557819 6651171661 8330881129 1202452040
4868220007 2344035025 4482028342 5418788465 3602591506 4452716577
0004452109 7735585897 6226554849 4162171498 9532383421 6001140629
5071849042 7789258552 7430352213 9683567901 8076406042 1383073087
7446017084 2688272261 1771808426 6433365178 0002171903 4492342642
6629226145 6004337383 8683355553 4345300426 4818473989 2156270860
9565062934 0405264943 2442614456 6592129122 5648893569 6550091543
0642613425 2668472594 9143142393 9884543248 6327461842 8466559853
3231221046 6259890141 7121034460 8427161661 9001257195 8707932175
6969854401 3397622096 7494541854 0711844643 3946990162 6983516078
4892451405 8940946395 2678073545 7970030705 1163682519 4877011897
6400282764 8414160587 2061841852 9718915401 9688253289 3091496653
4575357142 7318482016 3846448324 9903788606 9008072709 3276731275
8196656394 1148961716 8329804551 3972950668 7604740915 4204284299
9354102582 9113502241 6907694316 6857424252 2509026939 0348148564
5130306992 5199590436 3840284292 6741257342 2447765584 1778861717
3726546208 5498294498 9467873509 2958165263 2072258992 3687684570
1782303809 6567883112 2893058091 4057261086 5884845873 1016581511
6753332767 4887014829 1674197015 1255978257 2707406431 8086014281
4902414678 0472327597 6842696339 3577354293 0186739439 7163886117
6420900406 8663398856 8416810038 7238921448 3176070116 6845038872
1236436704 3314091155 7332801829 7798873659 0916659612 4020217785
5885487617 6161989370 7943800566 6336488436 5089144805 5710397652
1469602766 2583599051 9870423001 7946553678
