# ln(2) — Natural logarithm of 2
#
# Constant:  ln2
# OEIS:      A002162
# Notes:     Infinite, non-repeating.
#
# Digits:    10000
# Format:    decimal, 10 digits per group, 6 groups per line
# SHA256:    707d4665b380ddb4063c4917a0fa6d721070d750127bb22876a3e74707e783d0
# Generated: 2026-04-04
# Tool:      tools/constants.py (Proper Tools SRL)
#
# This file contains only decimal digits of ln(2).
# No decimal point. Digits begin with the leading integer digit.
# Suitable for use as an IV source per draft-darley-shard-bundle-01.
#

0693147180 5599453094 1723212145 8176568075 5001343602 5525412068
0009493393 6219696947 1560586332 6996418687 5420014810 2057068573
3685520235 7581305570 3267075163 5075961930 7275708283 7143519030
7038623891 6734711233 5011536449 7955239120 4751726815 7493206515
5524734139 5258829504 5300709532 6366642654 1042391578 1495204374
0430385500 8019441706 4167151864 4712839968 1717845469 5702627163
1064546150 2572074024 8163777338 9638550695 2606683411 3727387372
2928956493 5470257626 5209885969 3201965058 5547647033 0679365443
2547632744 9512504060 6943814710 4689946506 2201677204 2452452961
2687946546 1931651746 8139267250 4103802546 2596568691 4419287160
8293803172 7143677826 5487756648 5085674077 6484514644 3994046142
2603193096 7354025744 4607030809 6085047486 6385231381 8167675143
8667476647 8908814371 4198549423 1519973548 8037516586 1275352916
6100071053 5582498794 1472950929 3113897155 9982056543 9287170007
2180857610 2523688921 3244971389 3203784393 5308877482 5970171559
1070882368 3627589842 5891853530 2436342143 6706118923 6789192372
3146723217 2053401649 2568727477 8234453534 7648114941 8642386776
7744060695 6265737960 0867076257 1991847340 2265146283 7904883062
0330611446 3007371948 9002743643 9650025809 3651944304 1191150608
0948793067 8651588709 0060520346 8429736193 8412896525 5653968602
2194122924 2075743217 5748909770 6752687115 8170511370 0915894266
5478595964 8906530584 6025866838 2940022833 0053820740 0567705304
6787001841 6240441883 3232798386 3490015631 2188956065 0553151272
1993983320 3075140842 6091479001 2651682434 4389357247 2788205486
2715527418 7724300248 9794540196 1872339808 6083166481 1490930667
5193393128 9043164137 0681397776 4981769748 6890388778 9991296503
6192707108 8926410523 0924783917 3735012298 4242049956 8935992206
6022046549 4151061391 8788574424 5577510206 8370308666 1948089641
2186807790 2081815885 8000168811 5973056186 6761991873 9520076671
9214592236 7206025395 9543654165 5311295175 9899400560 0036651356
7569051245 9268257439 4648316833 2624901803 8242408242 3145230614
0963805700 7025513877 0268178516 3069025513 7032340538 0214501901
5374029509 9422629957 7964742713 8157363801 7298739407 0424217997
2266962979 9393127069 3574724049 3386530879 7587216996 4512944649
1883771156 7016785988 0498183889 6784134938 3140140731 6647276532
7635919233 5112333893 3870951320 9059272185 4713289754 7079789138
4445466676 1927028855 3342342989 9321803769 1549733402 6754675887
3236778342 9161918104 3011609169 5265547859 7328917635 4555674286
3877463987 1019124317 5425588830 1206779210 2803412068 7975914308
1283307230 3008834947 0579249659 1005860012 3415617574 1327246594
3068435465 2111350215 4434153995 5381856522 7502214245 6644000627
6183303206 4727257219 7515290827 8568421320 7959886389 6727711955
2218819046 6039570097 7470651261 9505278932 2960889314 0562543344
2552392062 0303439417 7735794559 2125901992 5591148440 2423901255
4259003129 5370519220 6150643458 3787873002 0354144217 8575801323
6451660709 9143831450 0498589668 8577222148 6528821694 1812704886
0758972203 2166631283 7832915676 3074987298 5746389282 6937350984
0778049395 0049339987 6264755070 3162216139 0348452994 2491724837
3406136622 6383493681 1168416705 6925214751 3839306384 5537186268
7797328895 5588716344 2975624475 5392366369 4888778238 9017498102
7356552405 0518547730 6194405242 3221255902 4833082778 8888905962
9119729954 5744156245 1248592683 1126074679 7281638090 2500056559
9914612833 2543581114 0484820606 4082422479 2403855764 7623503110
0324259709 1425011146 1558483067 0012583182 1915347207 4741119400
9835573272 8261442738 2139707047 7956259670 5790230338 4806171345
5553685537 5810657497 3444792251 1196546161 8278960100 6851296539
5479658663 7835224736 2454609358 5036050678 4143911445 2314577803
3591792112 7955705055 5545143878 8818815351 9485934467 2464294986
4050626518 4244753956 6378337348 2207533294 4813064933 6035461010
1774649326 7877167198 6120739683 2012359607 7290246830 4594031305
6377631324 0108042028 5435902694 5094030740 0149339507 6731602850
2869730318 7182399843 3525743549 9560850256 6089783395 5642114948
0733936260 7510238183 3141100470 8903950134 3302974134 7484054061
5877539688 8381540769 8017767303 6999107492 4697847843 1284303641
1289202801 2272563468 3916233547 8772734006 3958657179 8190693581
2738703433 5313189050 3838456164 4444292796 9063837969 0924413039
6560098766 3584627766 0760534869 7490859381 1939309251 7911988555
2776535666 0762439356 8771942331 6664283820 0744816307 8652292356
5982658627 5918747520 8750914476 0901697356 9357231824 2499194754
9443163146 3392270743 2445903024 8254441249 0359409900 7113773263
1099807772 3937579092 6677872262 9956777375 9125268754 6917603955
0147363373 7461645076 4577715981 4661075839 9303043231 3494965864
8228467849 5247540297 9689001510 9842434081 6722641053 4651753188
9570934146 2658913980 1731236762 4887458550 2699619246 6780524258
8237899590 7144185753 5595190193 1382627559 3500184826 0810769064
9406792443 5885831503 5260170450 0934671408 7384727895 1678454152
5226702369 6905468698 4460721098 2177473660 6547523242 0890638176
8833565330 8345429052 0236621736 8168902181 0091859270 1164162563
3710921091 9193811088 4083719954 9413952808 7438476593 3151646452
4483714349 5547071767 4786446677 7777326240 0599442803 8830050520
6396025448 7221940100 4824568355 8491411637 2021650148 2904889541
0548598858 2139146739 2801279607 8376579803 0190197895 8312984458
4235055162 8047138457 0983671431 7959849798 3384936643 0513574397
7846408028 3944996492 8361772012 1752971960 1115189233 4756646644
8721470400 5952700208 2479711962 9125957079 1322875250 2422527522
8566313043 0511219493 7715429407 1049224714 7978154532 9850688228
9269488223 4218141773 4779122897 0593038516 7864412351 2773213799
4705131308 6561526091 7674214128 9789979427 7108410495 5590549299
5846031292 8956410723 3793472219 8262960246 5778859855 6491535425
2627693645 7817157687 5056276959 5194061476 9513362135 8966211036
7239018618 3449100847 0560232408 8574073649 8064913350 4977272298
5412155992 2564905903 2041658007 7713036548 4448790985 8029168067
7229873848 4805391437 1268828451 5899628929 0464953606 9764913226
4972901758 1046490396 6012490268 0914422669 6306532240 5327931805
2013899030 2506701645 9461450932 7899187497 5058845950 8928123131
4653584115 6454786288 8767117927 5944418910 3227033972 6994107826
2094906693 9193233649 5288403984 1053417413 1030284298 2983845972
7450968915 3505229806 2324409231 3811057843 5654734098 6751938386
0728240789 7523799065 2215368284 4964151952 0436143002 3406411776
7172081947 0742812470 6160786791 3971425756 1026877325 6725665187
7939886954 3561247252 5038241105 3283794249 4962425075 3859855661
3018763256 6463726695 2818991824 4702833606 4458337646 9463134323
1391442353 0118060852 6445317741 7782916531 9868877107 4838002159
6407193754 6885362724 1207227361 4121001398 4094390772 7183934717
9202289574 1896562095 6779770395 4759527223 3827891909 4369589561
4158188376 0856034834 0633849064 0117359928 4897189611 6553508812
0722916741 6716902882 8110617043 7298078875 5174869275 7400357553
0600731535 1924334950 7340501937 9393181058 8767452835 2364165276
9037165174 9224459625 2440613260 2153314802 4272969622 6777713450
6420535515 1024831061 0887672662 9451191094 5817001717 1351172998
9002590464 4763066359 7241990518 4702491108 8680124694 1915496544
4117599593 3753867861 5328851050 5548595751 9052829926 7459748057
7669500349 6600239248 9117576057 7638982565 0559728570 9714623821
3646128157 5699631424 7433759531 4709506808 9204461516 8703194054
8311378504 9768421845 7780963603 5835677681 4229804015 1305880322
1388700614 3666466195 1545626428 2679790058 0907023312 9442562729
2449298306 9495929158 1317757142 3046824694 8685772631 4081926674
9297725397 4375636520 3107556202 7651175474 0767284532 8319997506
4855371567 8521340479 2052661535 0261511503 5640625189 1749898352
5295760711 8611897031 9875837950 8658212447 1448554809 8909713227
8411043616 3215054456 1892564156 8648009768 7527172793 6316623567
6934305070 5400960785 2975769733 4781633978 6503563447 5960831130
5891874108 8775476498 9661407670 9354009928 9679033005 1971292292
9465590881 3155093792 3116526762 4820097425 5320501351 0883040341
1501866862 8172784448 5183209998 9311381048 0114847364 3382615504
7482700010 2727871555 3796076269 7772623306 1428597322 0370177164
8801393590 6731651593 1312072256 6001005730 6787815875 9682373274
3266486315 2551632539 0695220551 5246041547 3672664715 8297197591
0017632924 6755391947 9244125968 5598691843 1266716876 0661147742
1249313154 7577111029 9052756988 4947921828 5429200771 9911381106
4020131085 0296702223 7263719274 3252050860 5883939945 8141435359
4660095551 3703685151 4395344251 3225162327 4481769284 7483351601
8143148377 5772910265 9770502163 7551331761 6320906962 1023638527
0662733736 2690153696 2550736108 8424157630 8151549058 6189604502
2386485172 3710305700 9020668264 5851496003 7828134831 2288547085
9777556219 5752286969 9146719545 4031081669 6269690296 8962227155
5266812300 3336549928 4279246122 5039557099 9614692971 6943393515
4450855751 6142866963 3518263939 0119255198 7712707669 4092004108
4299738298 5072562990 3458504335 8447819361 7497687963 6884815170
1460384149 3189458567 3109558897 9938416661 6697431842 1510886781
8274727477 1922062439 7780660846 6463097788 8195315596 1035955675
2045585957 2036591635 5225829595 3673403778 2112409893 9880730735
4183621312 1088375170 3803682361 6360448183 2644531771 0867393577
5104191422 0906966917 8226474762 4872691980 2612861083 7448652330
4418580743 7406799924 6593591464 3068192455 8555771836 3140417972
4592583726 5876930872 7666299108 0450434859 1495996962 5019410526
9190482762 9968903003 6023576364 2425439767 0564582540 9964140414
5099467034 5387743125 7026552921 9960842821 1070672039 1105262505
6198091492 6429443191 3083629020 2615837217 2207479904 1669035005
9407281416 0493965365 5727341223 3933280610 3370037021 0082115341
9222729353 4916762079 8856258516 7980647915 8586942391 1461787263
5785929135 7726649656 0330715306 2328490606 1534893403 4150837187
1335261587 0286424651 8272904355 6845655210 6161725177 1366250052
5479944598 5467661817 7860258778 0380603098 4445445231 7643005733
7855879045 5136113162 5441388511 3695809483 5849584914 9344212511
0535613174 8993037427 3228431172 2167011878 1585253525 3670380108
5203529836 6282616347 1297896833 0653152100 0247432193 9216705990
7313340302 2837905315 3748333258 8602596867 1733006730 2626129552
5563793397 6817300485 2394067955 4914144946 5881533293 2539505292
9823814667 6292254117 0631423426 6934485649 3368632531 4187471396
4341590528 3733805759 9907766581 6938171897 1757458617 4723910973
8419699764 6199589679 3918544510 9805958578 7249716421 8482449641
7440965775 1106908793 1935172163 7622116870 3906403811 2184334338
9718354200 6078817356 8256978867 4893046558 5244588375 9212648417
7992083637 5927805215 8828865944 4434707177 2120467466 3717403307
0760918913 7396956143 4777418394 4099180354 8117653335 8781308335
1070564602 9925695615 9134018566 0135965556
