# φ — Golden ratio
#
# Constant:  phi
# OEIS:      A001622
# Notes:     Limit of consecutive Fibonacci ratios. Infinite, non-repeating.
#
# Digits:    10000
# Format:    decimal, 10 digits per group, 6 groups per line
# SHA256:    31c2e0b3258a368a0b1d161d6df3fe680602de6ba134e14197349311ca5cf125
# Generated: 2026-04-04
# Tool:      tools/constants.py (Proper Tools SRL)
#
# This file contains only decimal digits of φ.
# No decimal point. Digits begin with the leading integer digit.
# Suitable for use as an IV source per draft-darley-shard-bundle-01.
#

1618033988 7498948482 0458683436 5638117720 3091798057 6286213544
8622705260 4628189024 4970720720 4189391137 4847540880 7538689175
2126633862 2235369317 9318006076 6726354433 3890865959 3958290563
8322661319 9282902678 8067520876 6892501711 6962070322 2104321626
9548626296 3136144381 4975870122 0340805887 9544547492 4618569536
4864449241 0443207713 4494704956 5846788509 8743394422 1254487706
6478091588 4607499887 1240076521 7057517978 8341662562 4940758906
9704000281 2104276217 7111777805 3153171410 1170466659 9146697987
3176135600 6708748071 0131795236 8942752194 8435305678 3002287856
9978297783 4784587822 8911097625 0030269615 6170025046 4338243776
4861028383 1268330372 4292675263 1165339247 3167111211 5881863851
3316203840 0522216579 1286675294 6549068113 1715993432 3597349498
5090409476 2132229810 1726107059 6116456299 0981629055 5208524790
3524060201 7279974717 5342777592 7786256194 3208275051 3121815628
5512224809 3947123414 5170223735 8057727861 6008688382 9523045926
4787801788 9921990270 7769038953 2196819861 5143780314 9974110692
6088674296 2267575605 2317277752 0353613936 2107673893 7645560606
0592165894 6675955190 0400555908 9502295309 4231248235 5212212415
4440064703 4056573479 7663972394 9499465845 7887303962 3090375033
9938562102 4236902513 8680414577 9956981224 4574717803 4173126453
2204163972 3213404444 9487302315 4176768937 5210306873 7880344170
0939544096 2795589867 8723209512 4268935573 0970450959 5684401755
5198819218 0206405290 5518934947 5926007348 5228210108 8194644544
2223188913 1929468962 2002301443 7702699230 0780308526 1180754519
2887705021 0968424936 2713592518 7607778846 6583615023 8913493333
1223105339 2321362431 9263728910 6705033992 8226526355 6209029798
6424727597 7256550861 5487543574 8264718141 4512700060 2389016207
7732244994 3530889990 9501680328 1121943204 8196438767 5863314798
5719113978 1539780747 6150772211 7508269458 6393204565 2098969855
5678141069 6837288405 8746103378 1054443909 4368358358 1381131168
9938555769 7548414914 4534150912 9540700501 9477548616 3075422641
7293946803 6731980586 1833918328 5991303960 7201445595 0449779212
0761247856 4591616083 7059498786 0069701894 0988640076 4436170933
4172709191 4336501371 5766011480 3814306262 3805143211 7348151005
5901345610 1180079050 6381421527 0930858809 2875703450 5078081454
5881990633 6129827981 4117453392 7312080928 9727922213 2980642946
8782427487 4017450554 0677875708 3237310975 9151177629 7844328474
7908176518 0977872684 1611763250 3861211291 4368343767 0235037111
6330725869 8832587103 3632223810 9809012110 1989917684 1491751233
1340152733 8438372345 0093478604 9792945991 5822012581 0459823092
5528721241 3704361491 0205471855 4961180876 4265765110 6054588147
5604431784 7985845397 3128630162 5448761148 5202170644 0411166076
6950597757 8325703951 1087823082 7106478939 0211156910 3927683845
3863333215 6582965977 3103436032 3225457436 3720412440 6408882673
7584339536 7959312322 1343732099 5749889469 9565647360 0729599983
9128810319 7426312517 9714143201 2311279551 8947781726 9141589117
7991956481 2558001845 5065632952 8598591000 9086218029 7756378925
9991649946 4281930222 9355234667 4759326951 6542140210 9136301819
4722707890 1220872873 6170734864 9998156255 4728113734 7987165695
2748900814 4384053274 8378137824 6691744422 9634914708 1570073525
4570708977 2675469343 8226195468 6153312095 3357923801 4609273510
2101191902 1836067509 7308957528 9577468142 2954339438 5493155339
6303807291 6917584610 1460995055 0648036793 0414723657 2039860073
5507609023 1731250161 3204843583 6481770484 8181099160 2442523271
6721901893 3459637860 8787528701 7393593030 1335901123 7102391712
6590470263 4940283076 6876743638 6513271062 8032317406 9317334482
3435645318 5058135310 8549733350 7599667787 1244905836 3675413289
0862406324 5639535721 2524261170 2780286560 4323494283 7301725574
4058372782 6799603173 9364013287 6277012436 7983114464 3694767053
1272492410 4716700138 2478312865 6506493434 1803900410 1780533950
5877245866 5575522939 1582397084 1772983372 8231152569 2609299594
2240000560 6266786743 5792397245 4084817651 9734362652 6894488855
2720274778 7473359835 3672776140 7591712051 3269344837 5299164998
0936024617 8442675727 7679001919 1907038052 2046123248 2391326104
3271916845 1230602362 7893545432 4617699757 5368904176 3650254785
1382463146 5833638337 6023577899 2672988632 1618583959 0363998183
8458276449 1245980937 0430555596 1379734326 1348304949 4968681089
5356963482 8178128862 5364608420 3394653819 4419457142 6668237183
9491832370 9085748502 6656803989 7440662105 3603064002 6081711266
5995419936 8731609457 2288810920 7788227720 3636684481 5325617284
1176909792 6666552238 4688311371 8529919216 3190520156 8631222820
7155998764 6842355205 9285371757 8076560503 6773130975 1912239738
8722468258 0571597445 7404842987 8073522159 8426676625 7807706201
9430400542 5501583125 0301753409 4117191019 2989038447 2503329880
2450143679 6844169479 5954530459 1031381162 1870456799 7866366174
6059570003 4459701135 2518134600 6565535203 4788811741 4994127482
6415213556 7763940390 7103870881 8233806803 3500380468 0017480822
0591096844 2026446402 1877053401 0031802881 6644153091 3939481564
0319282278 5482414510 5031888251 8997007486 2287942155 8957428202
1665706218 8090578088 0503246769 9129728721 0387073697 4064356674
5892025865 6573978560 8595665341 0703599783 2044633634 6485489497
6638853510 4552729824 2290699848 8536968280 4645974576 2651434359
0509383212 4374333387 0516657149 0059071056 7024887985 8043718151
2610044038 1488040725 2440616429 0224782271 5272411208 5065788838
7124936351 0680636516 6743222327 7677557973 9927037623 1914704732
3955120607 0550399208 8442603708 7908433342 6183841359 7078164829
5537143219 6118950379 7714630007 5559753795 7035522714 4931913217
2556440128 3091805045 0089921870 5121186069 3357315389 5935079030
0736727023 3141653204 2340155374 1442687154 0551164796 1143323024
8544040940 6911456139 8730260395 1828168034 4825254326 7385759005
6043202453 7271929124 8645813334 4169852993 9135747869 8957986439
4980230471 1696715736 2283912018 1273129165 8995275991 9220318372
3568272793 8563733126 5479985912 4632750300 6059256745 4979435088
1192950568 5493259355 3187291418 0113641218 7470752628 1068698301
3576052471 9445593219 5535961045 2830314883 9117693011 9658583431
4424894898 5655842508 3410942950 2771975833 5224429125 7364938075
4171137392 4376014350 6829878493 2712997512 2868819604 9835775158
7717804106 9713196675 3477194792 2636519016 3397712847 3907933611
1191408998 3056033610 6098717178 3055435403 5608952929 0818464143
7139294378 1356048203 8947912574 5077075575 1030024207 2662900180
9042293424 9425906066 6141332287 2269806901 4599451199 5478016399
1514126125 2572828066 4331261657 4693881951 0644216738 7180001100
4218483025 8091654338 3749236411 8388856468 5143150063 7319042951
4814694243 1460895254 7072037405 5669130692 2099080481 9452975110
6504642810 5417755259 0951871318 8835914765 9960413179 6020941530
8585533238 7725380232 7276329773 7214312796 8216716234 4211832018
0288141274 7443168847 2184593927 8143547409 9999072233 2030592629
7661123832 7983316988 2539312620 0650370288 4478286669 4044730794
7104761255 8658375298 6236250999 8232335971 5507233838 3324408152
5778193364 2626304330 2658958170 8004512788 7311593558 7747217256
4947000516 3667257715 3920984095 0327451121 5368730091 2199629522
7659131637 0939686072 7134269262 3154753304 3799331658 1107369643
1421719794 3405639155 1210810813 6262688856 9748068060 1169189417
5027229874 1586991791 4534994624 4419401219 7858601373 6608286907
2236514771 3912687420 9665137875 6205918543 2888834174 2920901563
1332831935 7562208971 3765630978 5015631549 8245644586 5424792935
7228287506 0848145335 1352181729 5879329911 7100324762 2205219464
5105362450 5129884308 7134443950 7244267351 4628617991 8323364598
3696376327 2257569159 7239543830 5208664747 4238151107 9273494836
9523964792 6899369832 4917999502 7895000604 5966131346 3363024949
9514808053 2901790297 5182515875 0490074351 8798351183 6032722772
6017174045 3557165885 5578297291 0619581935 1710554825 7930709100
5763586990 1929721799 5168731175 5631444856 4810022001 4254540554
2927345883 7116020994 7945720823 7804368718 9448056368 9182580244
4996318783 4202749101 5335791072 7336253289 0693347412 3802222011
6262771193 0854485029 5419132004 0099986556 6651775664 0953656197
8978183804 5103035651 0131589458 9028718610 8690589394 7136801484
5700183664 9564720329 4334374298 9464274125 5143590584 3484091954
8701523614 0317391390 3616440198 4550510491 2116979200 1201999605
0699496640 3035086369 2903941007 0194505320 1623487276 3232732449
4396304808 9055425137 9723314751 8520709102 5063685981 6795304818
1007394245 3170023880 4759834323 4504142584 3140636127 2109602282
4233782280 9027976596 0777108493 9151748873 1687771352 2390091171
1735091860 0654620099 0249758527 7925427816 5970383495 0580106261
5533369109 3784659771 0529750223 1730741217 7834418941 1845965861
0298018778 7427445638 6696612772 4503845860 5264151030 4089825777
7544741153 3207640758 8167751497 5538047116 2966777100 5876646159
5496776927 0549623939 8570925507 0274069978 1408431249 6536307186
6533718060 5874224259 8165307052 5738345415 7705429216 2998114917
5086113117 6577317209 5615656478 6954744892 7132060806 3545779462
4145310669 8374211379 8168963823 5333044778 8316933972 8728918103
6640832698 5698825443 8516675862 2899306964 3468489751 4840879039
6476042036 1020602171 7394470263 4876336543 9319522907 7383616738
9811781242 4836557810 5034169451 5636260430 0366574310 8476654877
7801285779 2364541852 2447236171 3742292558 4159313561 2866371670
3280721715 5339264632 5730673063 9108541088 6808574283 8588280602
3033414085 5039097353 8726134511 9629264159 9521278931 1354431460
1527309025 5382710432 5966226743 9037455636 1228613907 8319433570
5900381487 0089866131 5398195857 4423304419 7085669672 2293142730
7413848827 8897558886 0799738704 4702031668 3485694199 0965480298
2493198176 5792682985 5629723010 6827772351 6274078380 7431877827
3182119196 9528005160 8791572128 8263379682 3127256287 0001500182
9297577299 9357909491 9640763442 8615757135 4442789838 3040454702
7101945800 4258202120 2344580630 3450336581 4721854920 3679989972
9353539196 8121331951 6537974539 9111494244 4518303385 8841290401
8178188213 7600665928 4941367754 3174516054 0938711036 8715211640
4058219344 7120448277 5960541694 8645398783 2626954801 3915019038
9959313067 0318661670 6637196402 5692867138 8714663118 9192685682
6919952764 5799771827 8759460961 6172188681 0945465157 8869122410
6098141972 6861925547 8789926315 3594729228 2508054251 6906814010
7817960218 8533076230 5563816316 4019224545 0325765673 9259976517
5308014271 6071430871 8862859836 0374650571 3420467008 3432754230
2770477933 1118366690 3232885306 8738799071 3590074030 4907459889
5136476876 0867844323 8248218930 6175703195 6380323081 9719363567
2741964387 2625870615 4330729637 0381275151 7040600505 7594882723
8563451563 9052657710 4264594760 4055695095 9840888903 7620799566
3880178618 5591594411 1725092313 2797711380
