# √2 — Square root of 2
#
# Constant:  sqrt2
# OEIS:      A002193
# Notes:     First known irrational number. Infinite, non-repeating.
#
# Digits:    10000
# Format:    decimal, 10 digits per group, 6 groups per line
# SHA256:    b1b81b0dc33ff31119e73275e3c8626cccf73f85f7da08a268275f9004ca31f3
# Generated: 2026-04-05
# Tool:      tools/constants.py (Proper Tools SRL)
#
# This file contains only decimal digits of √2.
# No decimal point. Digits begin with the leading integer digit.
# Suitable for use as an IV source per draft-darley-shard-bundle-01.
#

1414213562 3730950488 0168872420 9698078569 6718753769 4807317667
9737990732 4784621070 3885038753 4327641572 7350138462 3091229702
4924836055 8507372126 4412149709 9935831413 2226659275 0559275579
9950501152 7820605714 7010955997 1605970274 5345968620 1472851741
8640889198 6095523292 3048430871 4321450839 7626036279 9525140798
9687253396 5463318088 2964062061 5258352395 0547457502 8775996172
9835575220 3375318570 1135437460 3408498847 1603868999 7069900481
5030544027 7903164542 4782306849 2936918621 5805784631 1159666871
3013015618 5689872372 3528850926 4861249497 7154218334 2042856860
6014682472 0771435854 8741556570 6967765372 0226485447 0158588016
2075847492 2657226002 0855844665 2145839889 3944370926 5918003113
8824646815 7082630100 5948587040 0318648034 2194897278 2906410450
7263688131 3739855256 1173220402 4509122770 0226941127 5736272804
9573810896 7504018369 8683684507 2579936472 9060762996 9413804756
5482372899 7180326802 4744206292 6912485905 2181004459 8421505911
2024944134 1728531478 1058036033 7107730918 2869314710 1711116839
1658172688 9419758716 5821521282 2951848847 2089694633 8628915628
8276595263 5140542267 6532396946 1751129160 2408715510 1351504553
8128756005 2631468017 1274026539 6947024030 0517495318 8629256313
8518816347 8001569369 1768818523 7868405228 7837629389 2143006558
6956868596 4595155501 6447245098 3689603688 7323114389 4155766510
4088391429 2338113206 0524336294 8531704991 5771756228 5497414389
9918802176 2430965206 5642118273 1672625753 9594717255 9346372386
3226148274 2622208671 1558395999 2652117625 2698917540 9881593486
4008345708 5181472231 8142040704 2650905653 2333398436 4578657967
9651926729 2399875366 6172159825 7886026336 3617827495 9942194037
7775368142 6217738799 1945513972 3127406689 8329989895 3867288228
5637869774 9662519966 5835257761 9893932284 5344735694 7949629521
6889148549 2538904755 8288345260 9652409654 2889394538 6466257449
2755638196 4410316979 8330618520 1937938494 0057156333 7205480685
4057586799 9670121372 2394758214 2630658513 2217408832 3829472876
1739364746 7837431960 0015921888 0734785761 7252211867 4904249773
6692920731 1096369721 6089337086 6115673458 5334833295 2546758516
4471075784 8602463600 8344491148 1858765555 4286455123 3142199263
1133251797 0608436559 7043528564 1008791850 0760361009 1594656706
7688360557 1740076756 9050961367 1940132493 5605240185 9991050621
0816359772 6431380605 4670102935 6997104242 5105781749 5310572559
3498445112 6922780344 9135066375 6874776028 3162829605 5324224269
5753452902 8838768446 4291732827 7088831808 7025339852 3381227499
9081237189 2540726475 3678503048 2159180188 6167108972 8692292011
9759988070 3818543332 5364602110 8229927929 3072871780 7998880991
7674177410 8983060800 3263118164 2798823117 1543638696 6170299993
4161614878 6860180455 0555398691 3115186010 3863753250 0455818604
4804075024 1195184305 6745336836 1367459737 4423988553 2851793089
6037389891 5173195874 1344288178 4212502191 6951875593 4443873961
8931454999 9906107587 0490902608 8351763622 4749757858 8583680374
5793115733 9802099986 6221869499 2259591327 6423619410 5921003280
2614987456 6599688874 0679561673 9185957288 8642473463 5858868644
9682238600 6983352642 7990562831 6561391394 2557649062 0651860216
4726303336 2975075697 8706066068 5649816009 2718709292 1531323682
8135698893 7097416504 4745909605 3747279652 4477094099 2412387106
1447054398 6743647338 4774548191 0087288622 2149589529 5911878921
4917983398 1083788278 1530655623 1581036064 8675873036 0145022732
0882935134 1387227684 1766784369 0529428698 4908384557 4457940959
8626074249 9549168028 5307739893 8296036213 3539875320 5091998936
0751390644 4495768456 9934712763 6450716327 9154701597 7335486389
3942325727 7540038260 2747856741 7258095141 6307159597 8498180094
4356037939 0985590168 2721540345 8158152100 4936662953 4488271072
9239660232 1638238266 6126268305 0257278116 9451035379 3715688233
6593229782 3192986064 6797898640 9208560955 8142614363 6310046155
9433255047 4493975933 9991254195 3230093217 5304476533 9647066276
1166175351 8754646209 6763455873 8616488019 8848497479 2640450654
4489691004 0794211816 9257968575 6378488149 8986416854 9949163576
1448404702 1033989215 3423770372 3335311564 5944389703 6531667219
4904935188 2905806307 4013468626 4167247011 0653463493 9164071462
8556798017 7933814424 0452691370 6660977763 8784866238 0033923243
7047411533 1872531906 0191659964 5538115788 8413808433 2321053376
7461812178 0142960928 3241136275 2540887372 9051294073 3947943306
1943956936 7020794295 1587822834 9321931666 4111301549 5946983789
7767434443 5393377099 5713498840 7890850815 8923660700 8865810547
0949790465 7229888808 9246128281 6013133701 0290802909 9974564784
9581545614 6487155163 9050241985 7906131093 4587833062 0026220737
2471676685 4554999049 9408571080 9925759928 8932366154 3827195500
5781625133 0381531465 7790792686 8500806984 4284791524 2427544102
6805756321 5653220618 8575122511 3063937025 3629271619 6825125919
2025216058 7011895967 3224423926 7423734490 7646467273 7534796459
8819149807 9317180024 2385545388 6038368310 8007791824 6646275411
7444250018 7277795181 6438345146 3461299020 7633430179 6855438563
1667723518 3893366670 4222211093 9144930287 9638128398 8931173130
8430042125 5501854985 0652945563 7766031461 2559091046 1138476828
2359592477 2286290426 4273616326 4585443392 8772638603 4314980489
6397363329 7548859256 8114929683 6126725898 5738332164 3666348702
3477302610 1061305072 9861153412 9948808774 4731112295 4265275165
3665911730 1423606265 2586907719 8217037098 1046443604 7722673928
2987415259 3069562063 8471082740 8218490673 7233058743 0297092428
9948173924 4078693752 8440104439 9048520878 8519141935 4151290068
1735170306 9386970590 0474251576 5524807844 7362144105 0162008454
4412225595 6202984725 9403528019 0679806809 8300396453 9856859304
5862526063 7797453559 9277472990 6488874545 1242496076 3780108639
0019105809 2874764720 7511092386 0595019543 2281602088 7962151623
3852161287 5228518025 2928761832 5703717285 7406763944 9098254644
2218465430 8806610580 2015847284 0671263025 4593798906 5081685713
7165668594 1300533197 0365964033 7667414610 4956376510 3083661348
9310947802 6812935573 3189055197 0520184515 0399690986 6315251241
1611192594 0552808564 9893195898 3456233198 3683494880 8061715624
3911286631 2797848371 9789533690 1527760054 9805516635 0197855571
1014055529 7633841275 0446860464 7663183266 1165182067 5012047669
9109872191 0444744032 6894364159 5942792199 4423553718 7042995592
4031409171 2848158543 8660053857 1358363981 6309452407 5570093251
6824344168 2408361979 2733728252 1546224696 1533217026 8299509790
8903459485 8878349439 6162043584 2249739718 7113958927 3050921970
5491717696 1600445580 8994278788 8036916943 2894595147 2267229261
2485069617 3163809410 8218600452 8610269654 7576304310 2560271523
1396948213 5519821409 7165490973 1999283492 5674097490 3922971263
4869341457 4933198041 7180761119 6390227866 4075922434 1677624662
3623891311 0270343304 5763681411 2832132630 8582239456 2195980866
1293999620 1234156176 3181743124 2008901498 3848560480 8798646083
9359649236 6514296812 5773143229 1456871682 7621996118 2782695315
7498380262 4651759054 1039761812 8760421638 6134502213 2627277566
1244113361 0775195557 7495086563 6067378665 0623185640 6991228018
7574178549 4661253275 9976979605 9776059075 6489106661 0158384172
0281853043 2119044657 7525542775 4379872605 4881736198 2675816862
8329526078 9932226683 6028385135 1228105931 8591028641 5081570563
1971731518 3136250243 5904146321 2239217663 3982689368 2531505300
5989154702 9095371932 6620734112 3494743367 8846902013 9049784285
2163414429 2145895582 8784766939 4646426781 2219049785 6363552633
6827805186 0098699248 9377860023 9876916980 7656621943 8985443708
0594643336 2333810587 4581623547 5600136592 4352426571 4308346554
5768002370 8146757325 2547025507 4763747163 5067851599 1736937932
5103268276 0628645914 6182047214 8637037077 1926926823 6233347203
7924596469 1810526139 1530862802 9144096548 2563873092 7304265446
6292904589 6063751918 7114693453 6197332478 9572707031 5309309019
2119919999 3615765003 5039840540 6742538792 7527922724 7335667706
0783791138 4488936261 3676570602 6360031513 2952095395 2028548973
8448625613 4924414708 6070866026 7634997879 3420875836 1219471169
9422384848 2595914304 5281070626 0150896913 5303017720 0627170544
0209066951 4915274597 7197059476 9547409521 0287872557 8568800221
9371774355 8110793930 8833845586 4827729100 8629554566 1413067212
3084874022 7121058686 3233882374 1388442893 8155444647 1057556514
6843570294 6635062893 8735698686 8837648032 6519528414 6535173953
0273612013 7420300986 7398385143 2190043602 8982698293 5293994141
2923058038 4565022707 2168151619 4101144982 6301364900 8770483984
8838609065 3368599054 5838952031 8564804149 3272142390 8651649994
3165920796 5953569430 7231129116 2928679751 7156688905 4393220356
9129332457 0208067194 4404973049 4398140822 7829602799 4245410831
6667592142 4835182723 8172050410 3927428880 1556223380 7961475124
3351473102 1284545944 8994449960 0075243751 9570116683 4174474907
9588209951 7836768023 2365176749 7230148745 7742725994 7609621984
3271483529 8611190272 8735849052 1797590837 4197486026 7060537462
3153003937 5212367867 7528486921 9585713755 4269684827 8363178611
0993368014 3915905974 8428580545 1613023014 3979057016 1088986277
7961075067 3332676048 6549292513 9978139053 5882276893 7322049414
8394013556 0356560442 1401761206 0513180689 1989962606 1848318534
0183623782 1726637580 4552471962 6617492542 2852804571 4420485783
4211322800 8528704205 4889923412 7855481236 7615377071 0425446986
8521991122 8354266349 9971274836 6076246241 8207364666 1712839474
8473280474 4304033441 0720042872 7127567027 9567582429 2627194545
8053002666 4899650795 6977817862 1942172005 2371653694 6770419511
1912704624 8360511302 8904643775 1148694887 8496151188 4147191000
1255883836 6606772084 1123515355 8811267789 5715585904 1257626160
1067513153 5802124273 3187100063 5824954504 0995794072 5479890031
6826512373 1190556682 9151943053 7084893078 6919742829 0490386037
2311609928 3424317122 2509945471 5019286664 8787107951 9951800546
3388384431 5481724635 4802445180 3084527343 1000621371 0346257330
6001234973 7443558180 9656784646 4153390514 6569193245 6235314057
7919369898 8423647183 5253758052 5771331120 0797104068 3154926654
0202604680 6818391437 8272147690 6324246951 7128636738 4431398333
7117615941 8699934662 6234537345 2356794012 4168092291 1636095637
2167452839 1709909146 6485073920 5151605604 7378710615 4702169960
7465693097 9442612146 9256159342 5649401912 2989514732 5447151812
6325836889 7282262833 2952403597 0072786336 4604594707 1241747294
6877570595 8157349962 8480995678 3925547424 0448991887 0710696752
4250774520 1229360810 5741426532 3472406416 2141033353 3405511045
2126175035 9028403745 4591864504 7276243420 7177092979 3540102140
9646450283 6834180407 5860810014 0721619247 7179809859 6811154044
6443728568 9592868319 7779778693 4641598469 7451339177 4153790487
7880830022 0583350467 4655532302 8587325835
