# √3 — Square root of 3
#
# Constant:  sqrt3
# OEIS:      A002194
# Notes:     Infinite, non-repeating.
#
# Digits:    10000
# Format:    decimal, 10 digits per group, 6 groups per line
# SHA256:    78be7dc4af643da6eca1d9dd8fe2af03076cb47294f81ae7cb8fb50a6a00fefb
# Generated: 2026-04-04
# Tool:      tools/constants.py (Proper Tools SRL)
#
# This file contains only decimal digits of √3.
# No decimal point. Digits begin with the leading integer digit.
# Suitable for use as an IV source per draft-darley-shard-bundle-01.
#

1732050807 5688772935 2744634150 5872366942 8052538103 8062805580
6979451933 0169088000 3708114618 6757248575 6756261414 1540670302
9969945094 9989524788 1165551209 4373648528 0932319023 0558206797
4820101084 6749232650 1531234326 6903322886 6506722546 6892183797
1227047131 6603678615 8801904998 6537379859 3894676503 4750657605
0756618348 1296061009 4760218719 0325083145 8295239598 3299778982
4508288714 4638329173 4722416398 4587855397 6679580638 1835366611
0843173780 8943783161 0208830552 4901670023 5207111442 8869599095
6365797087 1684980728 9949329648 4283020786 4086039887 3869753758
2317317831 3959929830 0783870287 7053913369 5633121037 0726401924
9106768231 1992883756 4114142201 6742752102 3729942708 3105989845
9475987664 2888977961 4783795839 0228854852 9035760338 5280806438
1972344661 0596897228 7286526415 3822664698 4200211954 8415527844
1181286534 5070351916 5001668929 4415480846 0712771439 9976292683
4629577438 3618951101 2714863874 6976545982 4517885509 7537901388
0664961911 9622229571 1055524292 3723192197 7382625616 3146884203
2853716682 9386496119 1704973883 6395495938 1457576718 5337363312
5910899655 4246248347 8719760523 5997769192 3235702203 0530284038
5915414971 0724295592 0670620250 9520175963 1858727663 5997528366
3431080150 6658537106 4732853862 5922260582 2205104036 8027029750
4798728079 4616581004 1705268194 0019095733 4621759438 9367024932
0422691034 3698124637 2011118526 1084268910 2997203112 0210006350
7176374582 4052038475 5519727993 3797614906 1078949855 4422332600
4018851303 6315611448 8684728158 9288163245 1872650666 4538487759
9162576642 8721112408 4206801676 3517100102 9431807155 1519096164
2460907039 4081292169 0351749296 1364004139 6704310412 5363232703
0922577327 9602923765 9774553709 5469115742 1404242307 8199232761
7401906424 5124548775 1686269610 5333694216 2136053946 0424565414
0128533007 8136334498 5673640670 3977342229 8119610429 2553450160
1405940479 5471545345 4840727173 7656262366 5491666402 3300601326
5744070107 8368584684 5231316046 7754480500 4022406399 1197036221
8602920238 8671507110 1716940029 6868759663 5000408953 1621423342
5227956834 0670134701 8590202836 0716762147 7434934495 6359580808
2130442586 4694685226 1090826335 3008756612 6034606721 9540405598
4128912975 9948100007 7205744023 0047673258 8000915143 7148947544
4879157191 2946590835 7087396151 5537797640 2620683708 4804607296
9382719585 6897597596 2610415915 2657577790 7823349805 6784002290
1532052138 9353737755 3656642704 6826874289 9634413957 4366607374
4445583086 4778932129 8530214819 7395341478 1705166149 5255176329
1993699565 7445226391 1251909354 1386989366 8174309382 2642473692
6202072990 9678311541 3194648437 7915459915 9239282877 1469514927
4026409213 6456540416 4458149020 1945749419 3052690026 1397264608
1065071439 6032060775 1059418779 8284793986 1952499641 6521313971
5293599421 8974166470 7518723578 8629466108 5601704288 6960579839
4052906407 4308118333 8867788156 2635867156 0083967602 4534922994
3938867059 7543154429 4343095725 8470988215 4631112607 6677406786
4571578060 6474474997 5035454455 9313286549 1898493365 7274762629
7414738235 6869148378 3136336128 3627903824 8401638066 7160717984
8728555842 9313492260 9324056595 7553651136 7546443878 3428331346
6644554180 3908218989 8329462634 5016171122 0169296194 6016932062
1033039744 8662316560 0356678181 3443100896 5687067429 6565817744
5572685015 6315944125 0736119806 3472886466 2413271936 6942671295
1450397518 9283134861 9284130325 5188431169 0146714237 9437472833
4344652482 0437960597 3287061627 4910941596 8626253025 5888976847
0417502003 1402622846 9104804698 4032437906 6067377496 2710251271
0602060862 6628436660 5019289089 3838320006 0912286918 8183684236
1693903523 1269303686 1379681152 6946997891 9266352843 8992701651
9825502252 9235793662 8163456810 8913074112 6783781994 4977276544
8294920438 8013017835 4649921357 4032791577 5077860022 9642350427
5996997626 9187384148 4739477385 1563552091 2209633158 3903456718
9415294357 0406530760 8529017424 9768185502 8852763449 4957744911
0422502453 7231560636 1810350487 1759158032 7917983675 1006713610
0066217566 0495737667 7711292528 7302479926 7201589964 1893776201
6114118289 8996829559 0251165639 1422364995 0628500306 9681297350
7251727918 5983011152 7754229885 1885311763 5947860031 2306372609
8369850308 3108521455 9574835955 5715739356 6336808648 2107879124
7051031631 5695816043 4874882961 4894154585 3555619749 9929687795
5099285527 4235902518 1032376686 1609592552 5443199549 0742067973
9157072614 2453289504 2809735103 7967736660 1359175226 2706123231
2589450697 6348131777 5445606660 3576220483 0069042253 8949486772
9521325719 7692459276 7066076581 6558298675 0565728946 5886091902
9644381285 0578597594 3750640244 6062121456 0856085452 4925136832
8754843438 7337202016 9231163043 2705648060 1375879368 5672153508
7816844078 0232920646 2316381129 1772297752 7255310751 6138368213
4604577799 8546256220 8196063163 6019206330 9685162162 3166068346
8863116621 5013238542 8739130449 5123155216 3656212951 8747553097
6570639955 0298804256 4734055778 5191349533 0398886430 7143178505
2007986242 4684813829 7634080217 6297056457 2131621983 0682936462
8682222279 9238164163 5317259827 3213079714 1926762869 1568118183
9966515100 3070108267 0312866401 5918312719 6040389235 4068259150
4595764918 3685526148 0346510928 9896559961 8297164084 9813570292
2729622140 2637505955 1994750161 8105854474 0197649715 9376634238
8569701982 2140454102 0964290838 8248860987 2188764948 0083594449
1934478931 3310807777 4083803560 1892228537 1100938980 9120485323
2990455598 5240968891 8050449704 3838415045 5861501309 0290709130
6156469685 9589692282 7647376426 1083791700 2846890366 6867049767
9170399954 4363304258 5579779407 7269935288 9508378271 1435712578
0631282729 3498833850 4592711060 9526062879 0597150549 4590727984
1681751687 0415050729 5772336520 1003263831 4784794107 9460765650
6369332663 0382060217 1955147195 2041208479 6272485391 1158930286
6641079696 9915248112 7697914999 5102660574 5311238813 9393491970
8926940735 7384919442 9196300728 0950338654 3021378123 3945614247
2424586825 0054905097 8216841989 5154077663 0466486602 5321182151
7058546481 6990103510 2040604077 9053482395 4570811036 6280241930
7833539518 5975088471 1854479315 0345001580 3847094478 5460209216
1934402798 4589124720 5294177676 2506497961 8582347765 5628082494
0544437650 5977794390 8019792430 0154959936 7104079839 1303311999
6866535017 8723089958 7434598105 0410546853 6187166690 0860265187
2709506307 8922094498 5042861934 3629495429 3109720994 0859558589
6796000425 8229594269 4390957411 0166784798 0907928907 5408433879
8997585569 0094719632 4890432336 6036372887 4204771798 9778731967
4789334640 0992387959 2841328047 9076582258 1811835405 9145539581
0029729132 6797141943 5405735316 1415847980 2944118620 3132251905
4091589019 1222553196 5373739285 6310390787 7579205034 3944361056
0728204865 7439146472 8048072336 5927320176 6562230057 0111468559
1214450995 5053649856 4336550952 5473974996 5028288249 2285695909
3188033794 9922646598 6206882340 1174394496 2931319859 8588025419
9347096201 0389491719 7706225865 7266707618 7283539023 3480692508
3435649537 4456283107 5758718687 7538159397 0854006988 9922016605
4425026312 8328807897 9490704554 4329548492 8701875961 0076202746
1311058672 0246495399 7056047743 9601070677 4205747235 8757075902
4726518532 2889102236 3037446200 4719642400 7585416367 6572689203
7163539219 4774286906 8588881580 9704248358 2151491356 9928107507
2307826447 4067187348 0948454453 7264931062 9225803372 5851714514
4805462076 6460867364 2725048301 5812043421 7518693167 0856000833
5295934426 7458729987 3507162517 0300571157 1381753013 0240701102
9660250955 8624225602 8906467413 1908000682 1289845940 6609148734
7598861395 9100493960 6591451721 6530677681 9355721876 5586006530
7738893120 9250490628 0437600177 7854452265 0152062185 0502043831
4950613721 0270801392 0377075629 7830653607 7757366325 9286473658
5895301156 1800178170 3690228066 0710076441 0062540003 1688403775
2998124945 5547190042 4895414948 2241055947 8357875720 0325596644
7123768440 3335315543 2140425741 7457980060 2983082917 7130827142
5542469232 6664441483 6279852571 7975258224 6812204719 5648467173
9892041087 9193844507 8633576978 6888793914 7231768168 1521670681
0214555598 1333521260 6367265539 2136952255 1228189167 1742671890
3555974152 9104672580 6924386250 6098603871 3588672293 1428923916
2034332739 3103925796 4358665558 1342530172 5104238496 0681029021
9324124788 3304519746 3160170746 5226034298 9164540709 4845622907
4179174009 0112338623 9538454529 4973224293 3973062002 7168826588
0011208985 2261253378 0702845558 1448577751 8119353345 5812353801
8435432296 2152848369 6299891926 1565716416 9774661682 4452031144
8716278066 9497265548 3719199146 7614810797 4684952144 1449719126
6124258209 3340384084 3515361969 8962218737 4719284744 7192407302
6312829794 4615701596 9674768814 8437922575 5735032789 4448960301
2657592199 8002987720 1229053965 4233631798 1503621696 8859918387
0495897032 5070591396 5713443113 3435500776 7294918902 7076861495
4833994667 7241627655 1473119516 7511681718 9988757879 8217839108
9760065710 0083767694 2953435055 2888108658 9117067587 2119515936
1489112823 0823068433 2119607205 0218635318 3992210997 1482661510
8369065711 1006301415 1070407571 1085481373 5703344847 3638612897
3807170651 2644964788 3934025012 1137258483 9423856995 8139546575
6563747606 3663971548 0256357373 6399649847 2554328588 5870949544
6990631685 2551185998 7797107454 4158828756 3903866856 2404562737
7140357608 2251948946 4853275850 9646135351 6108643806 0620473905
2823604053 0147069123 2303263655 7053851755 3758640102 4856711140
8373108906 9377746847 9299563688 6177071188 6640773881 4622948371
2818019171 0321559241 5006079870 5722914354 3912519573 6876822380
8898244895 9746974767 8102272620 3514912904 9368822889 1150774904
6386972301 7882528887 0643248679 8314996711 9935102615 4820930738
4397532266 8005873843 0940757894 8075198163 8168561045 1417837442
8640041561 3577411126 9129932938 8959692290 0960405310 0323183382
1857778799 3482184022 9133473706 8921889820 7143551298 6431550877
8507993701 5352295709 9884378295 8817370884 7207000446 7161870028
4314375344 1744194989 7482814838 6643492741 8179804510 2179529895
2911529535 8662010382 2337718791 7498695532 2831643061 5664593609
3457367622 0209533838 3113374554 3557069333 3523605410 9758080625
1507569082 0184887747 3335268912 4246378746 3298297207 0368481942
7992012273 6653368224 9974317558 4189601562 0405764802 9657377064
1163928360 0656124274 5279302427 1878190718 2856514484 6989589893
0784416676 3219885733 3208664034 9160325821 8771672650 0465630279
2274657390 6794446548 8568884699 5270196061 1199427601 9571500106
9960613187 6917255938 9869071513 1894766441 0229132623 3979622874
7051945277 1373516835 6202507452 7566498235 8719100125 3392401103
1324029353 0727058453 8789555966 2035656086 3445813722 6092694516
9885615585 6727245918 4672323767 2388902404 6301478272 0905690732
7435750851 2633882153 2038180179 6701230401
